version https://git-lfs.github.com/spec/v1
oid sha256:7e60ca35a7b096946800cdf3dee5feffe3c90f10745db4e371d28b84d0d53fa5
size 443806938
